0 	11
1 	11
2 	11
3 	11
4 	11
5 	11
6 	11
7 	11
8 	11
9 	11
10 	11
11 	11
12 	11
13 	11
14 	11
15 	11
16 	11
17 	11
18 	11
19 	11
20 	11
21 	11
22 	11
23 	11
24 	11
25 	11
26 	11
27 	11
28 	11
29 	11
30 	11
31 	11
32 	11
33 	11
34 	11
35 	11
36 	11
37 	11
38 	11
39 	11
40 	11
41 	11
42 	11
43 	11
44 	11
45 	11
46 	11
47 	11
48 	11
49 	11
50 	11
51 	11
52 	11
53 	11
54 	11
55 	11
56 	11
57 	11
58 	11
59 	11
60 	11
61 	11
62 	11
63 	11
64 	11
65 	11
66 	11
67 	11
68 	11
69 	11
70 	11
71 	11
72 	11
73 	11
74 	11
75 	11
76 	11
77 	11
78 	11
79 	11
80 	11
81 	11
82 	11
83 	11
84 	11
85 	11
86 	11
87 	11
88 	11
89 	11
90 	11
91 	11
92 	11
93 	11
94 	11
95 	11
96 	11
97 	11
98 	11
99 	11
100 	11
101 	11
102 	11
103 	11
104 	11
105 	11
106 	11
107 	11
108 	11
109 	11
110 	11
111 	11
112 	11
113 	11
114 	11
115 	11
116 	11
117 	11
118 	11
119 	11
120 	11
121 	11
122 	11
123 	11
124 	11
125 	11
126 	11
127 	11
128 	11
129 	11
130 	11
131 	11
132 	11
133 	11
134 	11
135 	11
136 	11
137 	11
138 	11
139 	11
140 	11
141 	11
142 	11
143 	11
144 	11
145 	11
146 	11
147 	11
148 	11
149 	11
150 	11
151 	11
152 	11
153 	11
154 	11
155 	11
156 	11
157 	11
158 	11
159 	11
160 	11
161 	11
162 	11
163 	11
164 	11
165 	11
166 	11
167 	11
168 	11
169 	11
170 	11
171 	11
172 	11
173 	11
174 	11
175 	11
176 	11
177 	11
178 	11
179 	11
180 	11
181 	11
182 	11
183 	11
184 	11
185 	11
186 	11
187 	11
188 	11
189 	11
190 	11
191 	11
192 	11
193 	11
194 	11
195 	11
196 	11
197 	11
198 	11
199 	11
200 	11
201 	11
202 	11
203 	11
204 	11
205 	11
206 	11
207 	11
208 	11
209 	11
210 	11
211 	11
212 	11
213 	11
214 	11
215 	11
216 	11
217 	11
218 	11
219 	11
220 	11
221 	11
222 	11
223 	11
224 	11
225 	11
226 	11
227 	11
228 	11
229 	11
230 	11
231 	11
232 	11
233 	11
234 	11
235 	11
236 	11
237 	11
238 	11
239 	11
240 	11
241 	11
242 	11
243 	11
244 	11
245 	11
246 	11
247 	11
248 	11
249 	11
250 	11
251 	11
252 	11
253 	11
254 	11
255 	11
256 	11
257 	11
258 	11
259 	11
260 	11
261 	11
262 	11
263 	11
264 	11
265 	11
266 	11
267 	11
268 	11
269 	11
270 	11
271 	11
272 	11
273 	11
274 	11
275 	11
276 	11
277 	11
278 	11
279 	11
280 	11
281 	11
282 	11
283 	11
284 	11
285 	11
286 	11
287 	11
288 	11
289 	11
290 	11
291 	11
292 	11
293 	11
294 	11
295 	11
296 	11
297 	11
298 	11
299 	11
300 	11
301 	11
302 	11
303 	11
304 	11
305 	11
306 	11
307 	11
308 	11
309 	11
310 	11
311 	11
312 	11
313 	11
314 	11
315 	11
316 	11
317 	11
318 	11
319 	11
320 	11
321 	11
322 	11
323 	11
324 	11
325 	11
326 	11
327 	11
328 	11
329 	11
330 	11
331 	11
332 	11
333 	11
334 	11
335 	11
336 	11
337 	11
338 	11
339 	11
340 	11
341 	11
342 	11
343 	11
344 	11
345 	11
346 	11
347 	11
348 	11
349 	11
350 	11
351 	11
352 	11
353 	11
354 	11
355 	11
356 	11
357 	11
358 	11
359 	11
360 	11
361 	11
362 	11
363 	11
364 	11
365 	11
366 	11
367 	11
368 	11
369 	11
370 	11
371 	11
372 	11
373 	11
374 	11
375 	11
376 	11
377 	11
378 	11
379 	11
380 	11
381 	11
382 	11
383 	11
384 	11
385 	11
386 	11
387 	11
388 	11
389 	11
390 	11
391 	11
392 	11
393 	11
394 	11
395 	11
396 	11
397 	11
398 	11
399 	11
400 	11
401 	11
402 	11
403 	11
404 	11
405 	11
406 	11
407 	11
408 	11
409 	11
410 	11
411 	11
412 	11
413 	11
414 	11
415 	11
416 	11
417 	11
418 	11
419 	11
420 	11
421 	11
422 	11
423 	11
424 	11
425 	11
426 	11
427 	11
428 	11
429 	11
430 	11
431 	11
432 	11
433 	11
434 	11
435 	11
436 	11
437 	11
438 	11
439 	11
440 	11
441 	11
442 	11
443 	11
444 	11
445 	11
446 	11
447 	11
448 	11
449 	11
450 	11
451 	11
452 	11
453 	11
454 	11
455 	11
456 	11
457 	11
458 	11
459 	11
460 	11
461 	11
462 	11
463 	11
464 	11
465 	11
466 	11
467 	11
468 	11
469 	11
470 	11
471 	11
472 	11
473 	11
474 	11
475 	11
476 	11
477 	11
478 	11
479 	11
480 	11
481 	11
482 	11
483 	11
484 	11
485 	11
486 	11
487 	11
488 	11
489 	11
490 	11
491 	11
492 	11
493 	11
494 	11
495 	11
496 	11
497 	11
498 	11
499 	11
500 	11
501 	11
502 	11
503 	11
504 	11
505 	11
506 	11
507 	11
508 	11
509 	11
510 	11
511 	11
512 	11
513 	11
514 	11
515 	11
516 	11
517 	11
518 	11
519 	11
520 	11
521 	11
522 	11
523 	11
524 	11
525 	11
526 	11
527 	11
528 	11
529 	11
530 	11
531 	11
532 	11
533 	11
534 	11
535 	11
536 	11
537 	11
538 	11
539 	11
540 	11
541 	11
542 	11
543 	11
544 	11
545 	11
546 	11
547 	11
548 	11
549 	11
550 	11
551 	11
552 	11
553 	11
554 	11
555 	11
556 	11
557 	11
558 	11
559 	11
560 	11
561 	11
562 	11
563 	11
564 	11
565 	11
566 	11
567 	11
568 	11
569 	11
570 	11
571 	11
572 	11
573 	11
574 	11
575 	11
576 	11
577 	11
578 	11
579 	11
580 	11
581 	11
582 	11
583 	11
584 	11
585 	11
586 	11
587 	11
588 	11
589 	11
590 	11
591 	11
592 	11
593 	11
594 	11
595 	11
596 	11
597 	11
598 	11
599 	11
600 	11
601 	11
602 	11
603 	11
604 	11
605 	11
606 	11
607 	11
608 	11
609 	11
610 	11
611 	11
612 	11
613 	11
614 	11
615 	11
616 	11
617 	11
618 	11
619 	11
620 	11
621 	11
622 	11
623 	11
624 	11
625 	11
626 	11
627 	11
628 	11
629 	11
630 	11
631 	11
632 	11
633 	11
634 	11
635 	11
636 	11
637 	11
638 	11
639 	11
640 	11
641 	11
642 	11
643 	11
644 	11
645 	11
646 	11
647 	11
648 	11
649 	11
650 	11
651 	11
652 	11
653 	11
654 	11
655 	11
656 	11
657 	11
658 	11
659 	11
660 	11
661 	11
662 	11
663 	11
664 	11
665 	11
666 	11
667 	11
668 	11
669 	11
670 	11
671 	11
672 	11
673 	11
674 	11
675 	11
676 	11
677 	11
678 	11
679 	11
680 	11
681 	11
682 	11
683 	11
684 	11
685 	11
686 	11
687 	11
688 	11
689 	11
690 	11
691 	11
692 	11
693 	11
694 	11
695 	11
696 	11
697 	11
698 	11
699 	11
700 	11
701 	11
702 	11
703 	11
704 	11
705 	11
706 	11
707 	11
708 	11
709 	11
710 	11
711 	11
712 	11
713 	11
714 	11
715 	11
716 	11
717 	11
718 	11
719 	11
720 	11
721 	11
722 	11
723 	11
724 	11
725 	11
726 	11
727 	11
728 	11
729 	11
730 	11
731 	11
732 	11
733 	11
734 	11
735 	11
736 	11
737 	11
738 	11
739 	11
740 	11
741 	11
742 	11
743 	11
744 	11
745 	11
746 	11
747 	11
748 	11
749 	11
750 	11
751 	11
752 	11
753 	11
754 	11
755 	11
756 	11
757 	11
758 	11
759 	11
760 	11
761 	11
762 	11
763 	11
764 	11
765 	11
766 	11
767 	11
768 	11
769 	11
770 	11
771 	11
772 	11
773 	11
774 	11
775 	11
776 	11
777 	11
778 	11
779 	11
780 	11
781 	11
782 	11
783 	11
784 	11
785 	11
786 	11
787 	11
788 	11
789 	11
790 	11
791 	11
792 	11
793 	11
794 	11
795 	11
796 	11
797 	11
798 	11
799 	11
800 	11
801 	11
802 	11
803 	11
804 	11
805 	11
806 	11
807 	11
808 	11
809 	11
810 	11
811 	11
812 	11
813 	11
814 	11
815 	11
816 	11
817 	11
818 	11
819 	11
820 	11
821 	11
822 	11
823 	11
824 	11
825 	11
826 	11
827 	11
828 	11
829 	11
830 	11
831 	11
832 	11
833 	11
834 	11
835 	11
836 	11
837 	11
838 	11
839 	11
840 	11
841 	11
842 	11
843 	11
844 	11
845 	11
846 	11
847 	11
848 	11
849 	11
850 	11
851 	11
852 	11
853 	11
854 	11
855 	11
856 	11
857 	11
858 	11
859 	11
860 	11
861 	11
862 	11
863 	11
864 	11
865 	11
866 	11
867 	11
868 	11
869 	11
870 	11
871 	11
872 	11
873 	11
874 	11
875 	11
876 	11
877 	11
878 	11
879 	11
880 	11
881 	11
882 	11
883 	11
884 	11
885 	11
886 	11
887 	11
888 	11
889 	11
890 	11
891 	11
892 	11
893 	11
894 	11
895 	11
896 	11
897 	11
898 	11
899 	11
900 	11
901 	11
902 	11
903 	11
904 	11
905 	11
906 	11
907 	11
908 	11
909 	11
910 	11
911 	11
912 	11
913 	11
914 	11
915 	11
916 	11
917 	11
918 	11
919 	11
920 	11
921 	11
922 	11
923 	11
924 	11
925 	11
926 	11
927 	11
928 	11
929 	11
930 	11
931 	11
932 	11
933 	11
934 	11
935 	11
936 	11
937 	11
938 	11
939 	11
940 	11
941 	11
942 	11
943 	11
944 	11
945 	11
946 	11
947 	11
948 	11
949 	11
950 	11
951 	11
952 	11
953 	11
954 	11
955 	11
956 	11
957 	11
958 	11
959 	11
960 	11
961 	11
962 	11
963 	11
964 	11
965 	11
966 	11
967 	11
968 	11
969 	11
970 	11
971 	11
972 	11
973 	11
974 	11
975 	11
976 	11
977 	11
978 	11
979 	11
980 	11
981 	11
982 	11
983 	11
984 	11
985 	11
986 	11
987 	11
988 	11
989 	11
990 	11
991 	11
992 	11
993 	11
994 	11
995 	11
996 	11
997 	11
998 	11
999 	11
1000 	11
1001 	11
1002 	11
1003 	11
1004 	11
1005 	11
1006 	11
1007 	11
1008 	11
1009 	11
1010 	11
1011 	11
1012 	11
1013 	11
1014 	11
1015 	11
1016 	11
1017 	11
1018 	11
1019 	11
1020 	11
1021 	11
1022 	10
1023 	10
1024 	10
1025 	10
1026 	10
1027 	10
1028 	10
1029 	10
1030 	10
1031 	10
1032 	10
1033 	10
1034 	10
1035 	10
1036 	10
1037 	10
1038 	10
1039 	10
1040 	10
1041 	10
1042 	10
1043 	10
1044 	10
1045 	10
1046 	10
1047 	10
1048 	10
1049 	10
1050 	10
1051 	10
1052 	10
1053 	10
1054 	10
1055 	10
1056 	10
1057 	10
1058 	10
1059 	10
1060 	10
1061 	10
1062 	10
1063 	10
1064 	10
1065 	10
1066 	10
1067 	10
1068 	10
1069 	10
1070 	10
1071 	10
1072 	10
1073 	10
1074 	10
1075 	10
1076 	10
1077 	10
1078 	10
1079 	10
1080 	10
1081 	10
1082 	10
1083 	10
1084 	10
1085 	10
1086 	10
1087 	10
1088 	10
1089 	10
1090 	10
1091 	10
1092 	10
1093 	10
1094 	10
1095 	10
1096 	10
1097 	10
1098 	10
1099 	10
1100 	10
1101 	10
1102 	10
1103 	10
1104 	10
1105 	10
1106 	10
1107 	10
1108 	10
1109 	10
1110 	10
1111 	10
1112 	10
1113 	10
1114 	10
1115 	10
1116 	10
1117 	10
1118 	10
1119 	10
1120 	10
1121 	10
1122 	10
1123 	10
1124 	10
1125 	10
1126 	10
1127 	10
1128 	10
1129 	10
1130 	10
1131 	10
1132 	10
1133 	10
1134 	10
1135 	10
1136 	10
1137 	10
1138 	10
1139 	10
1140 	10
1141 	10
1142 	10
1143 	10
1144 	10
1145 	10
1146 	10
1147 	10
1148 	10
1149 	10
1150 	10
1151 	10
1152 	10
1153 	10
1154 	10
1155 	10
1156 	10
1157 	10
1158 	10
1159 	10
1160 	10
1161 	10
1162 	10
1163 	10
1164 	10
1165 	10
1166 	10
1167 	10
1168 	10
1169 	10
1170 	10
1171 	10
1172 	10
1173 	10
1174 	10
1175 	10
1176 	10
1177 	10
1178 	10
1179 	10
1180 	10
1181 	10
1182 	10
1183 	10
1184 	10
1185 	10
1186 	10
1187 	10
1188 	10
1189 	10
1190 	10
1191 	10
1192 	10
1193 	10
1194 	10
1195 	10
1196 	10
1197 	10
1198 	10
1199 	10
1200 	10
1201 	10
1202 	10
1203 	10
1204 	10
1205 	10
1206 	10
1207 	10
1208 	10
1209 	10
1210 	10
1211 	10
1212 	10
1213 	10
1214 	10
1215 	10
1216 	10
1217 	10
1218 	10
1219 	10
1220 	10
1221 	10
1222 	10
1223 	10
1224 	10
1225 	10
1226 	10
1227 	10
1228 	10
1229 	10
1230 	10
1231 	10
1232 	10
1233 	10
1234 	10
1235 	10
1236 	10
1237 	10
1238 	10
1239 	10
1240 	10
1241 	10
1242 	10
1243 	10
1244 	10
1245 	10
1246 	10
1247 	10
1248 	10
1249 	10
1250 	10
1251 	10
1252 	10
1253 	10
1254 	10
1255 	10
1256 	10
1257 	10
1258 	10
1259 	10
1260 	10
1261 	10
1262 	10
1263 	10
1264 	10
1265 	10
1266 	10
1267 	10
1268 	10
1269 	10
1270 	10
1271 	10
1272 	10
1273 	10
1274 	10
1275 	10
1276 	10
1277 	10
1278 	10
1279 	10
1280 	10
1281 	10
1282 	10
1283 	10
1284 	10
1285 	10
1286 	10
1287 	10
1288 	10
1289 	10
1290 	10
1291 	10
1292 	10
1293 	10
1294 	10
1295 	10
1296 	10
1297 	10
1298 	10
1299 	10
1300 	10
1301 	10
1302 	10
1303 	10
1304 	10
1305 	10
1306 	10
1307 	10
1308 	10
1309 	10
1310 	10
1311 	10
1312 	10
1313 	10
1314 	10
1315 	10
1316 	10
1317 	10
1318 	10
1319 	10
1320 	10
1321 	10
1322 	10
1323 	10
1324 	10
1325 	10
1326 	10
1327 	10
1328 	10
1329 	10
1330 	10
1331 	10
1332 	10
1333 	10
1334 	10
1335 	10
1336 	10
1337 	10
1338 	10
1339 	10
1340 	10
1341 	10
1342 	10
1343 	10
1344 	10
1345 	10
1346 	10
1347 	10
1348 	10
1349 	10
1350 	10
1351 	10
1352 	10
1353 	10
1354 	10
1355 	10
1356 	10
1357 	10
1358 	10
1359 	10
1360 	10
1361 	10
1362 	10
1363 	10
1364 	10
1365 	10
1366 	10
1367 	10
1368 	10
1369 	10
1370 	10
1371 	10
1372 	10
1373 	10
1374 	10
1375 	10
1376 	10
1377 	10
1378 	10
1379 	10
1380 	10
1381 	10
1382 	10
1383 	10
1384 	10
1385 	10
1386 	10
1387 	10
1388 	10
1389 	10
1390 	10
1391 	10
1392 	10
1393 	10
1394 	10
1395 	10
1396 	10
1397 	10
1398 	10
1399 	10
1400 	10
1401 	10
1402 	10
1403 	10
1404 	10
1405 	10
1406 	10
1407 	10
1408 	10
1409 	10
1410 	10
1411 	10
1412 	10
1413 	10
1414 	10
1415 	10
1416 	10
1417 	10
1418 	10
1419 	10
1420 	10
1421 	10
1422 	10
1423 	10
1424 	10
1425 	10
1426 	10
1427 	10
1428 	10
1429 	10
1430 	10
1431 	10
1432 	10
1433 	10
1434 	10
1435 	10
1436 	10
1437 	10
1438 	10
1439 	10
1440 	10
1441 	10
1442 	10
1443 	10
1444 	10
1445 	10
1446 	10
1447 	10
1448 	10
1449 	10
1450 	10
1451 	10
1452 	10
1453 	10
1454 	10
1455 	10
1456 	10
1457 	10
1458 	10
1459 	10
1460 	10
1461 	10
1462 	10
1463 	10
1464 	10
1465 	10
1466 	10
1467 	10
1468 	10
1469 	10
1470 	10
1471 	10
1472 	10
1473 	10
1474 	10
1475 	10
1476 	10
1477 	10
1478 	10
1479 	10
1480 	10
1481 	10
1482 	10
1483 	10
1484 	10
1485 	10
1486 	10
1487 	10
1488 	10
1489 	10
1490 	10
1491 	10
1492 	10
1493 	10
1494 	10
1495 	10
1496 	10
1497 	10
1498 	10
1499 	10
1500 	10
1501 	10
1502 	10
1503 	10
1504 	10
1505 	10
1506 	10
1507 	10
1508 	10
1509 	10
1510 	10
1511 	10
1512 	10
1513 	10
1514 	10
1515 	10
1516 	10
1517 	10
1518 	10
1519 	10
1520 	10
1521 	10
1522 	10
1523 	10
1524 	10
1525 	10
1526 	10
1527 	10
1528 	10
1529 	10
1530 	10
1531 	10
1532 	10
1533 	10
1534 	10
1535 	10
1536 	10
1537 	10
1538 	10
1539 	10
1540 	10
1541 	10
1542 	10
1543 	10
1544 	10
1545 	10
1546 	10
1547 	10
1548 	10
1549 	10
1550 	10
1551 	10
1552 	10
1553 	10
1554 	10
1555 	10
1556 	10
1557 	10
1558 	10
1559 	10
1560 	10
1561 	10
1562 	10
1563 	10
1564 	10
1565 	10
1566 	10
1567 	10
1568 	10
1569 	10
1570 	10
1571 	10
1572 	10
1573 	10
1574 	10
1575 	10
1576 	10
1577 	10
1578 	10
1579 	10
1580 	10
1581 	10
1582 	10
1583 	10
1584 	10
1585 	10
1586 	10
1587 	10
1588 	10
1589 	10
1590 	10
1591 	10
1592 	10
1593 	10
1594 	10
1595 	10
1596 	10
1597 	10
1598 	10
1599 	10
1600 	10
1601 	10
1602 	10
1603 	10
1604 	10
1605 	10
1606 	10
1607 	10
1608 	10
1609 	10
1610 	10
1611 	10
1612 	10
1613 	10
1614 	10
1615 	10
1616 	10
1617 	10
1618 	10
1619 	10
1620 	10
1621 	10
1622 	10
1623 	10
1624 	10
1625 	10
1626 	10
1627 	10
1628 	10
1629 	10
1630 	10
1631 	10
1632 	10
1633 	10
1634 	10
1635 	10
1636 	10
1637 	10
1638 	10
1639 	10
1640 	10
1641 	10
1642 	10
1643 	10
1644 	10
1645 	10
1646 	10
1647 	10
1648 	10
1649 	10
1650 	10
1651 	10
1652 	10
1653 	10
1654 	10
1655 	10
1656 	10
1657 	10
1658 	10
1659 	10
1660 	10
1661 	10
1662 	10
1663 	10
1664 	10
1665 	10
1666 	10
1667 	10
1668 	10
1669 	10
1670 	10
1671 	10
1672 	10
1673 	10
1674 	10
1675 	10
1676 	10
1677 	10
1678 	10
1679 	10
1680 	10
1681 	10
1682 	10
1683 	10
1684 	10
1685 	10
1686 	10
1687 	10
1688 	10
1689 	10
1690 	10
1691 	10
1692 	10
1693 	10
1694 	10
1695 	10
1696 	10
1697 	10
1698 	10
1699 	10
1700 	10
1701 	10
1702 	10
1703 	10
1704 	10
1705 	10
1706 	10
1707 	10
1708 	10
1709 	10
1710 	10
1711 	10
1712 	10
1713 	10
1714 	10
1715 	10
1716 	10
1717 	10
1718 	10
1719 	10
1720 	10
1721 	10
1722 	10
1723 	10
1724 	10
1725 	10
1726 	10
1727 	10
1728 	10
1729 	10
1730 	10
1731 	10
1732 	10
1733 	10
1734 	10
1735 	10
1736 	10
1737 	10
1738 	10
1739 	10
1740 	10
1741 	10
1742 	10
1743 	10
1744 	10
1745 	10
1746 	10
1747 	10
1748 	10
1749 	10
1750 	10
1751 	10
1752 	10
1753 	10
1754 	10
1755 	10
1756 	10
1757 	10
1758 	10
1759 	10
1760 	10
1761 	10
1762 	10
1763 	10
1764 	10
1765 	10
1766 	10
1767 	10
1768 	10
1769 	10
1770 	10
1771 	10
1772 	10
1773 	10
1774 	10
1775 	10
1776 	10
1777 	10
1778 	10
1779 	10
1780 	10
1781 	10
1782 	10
1783 	10
1784 	10
1785 	10
1786 	10
1787 	10
1788 	10
1789 	10
1790 	10
1791 	10
1792 	10
1793 	10
1794 	10
1795 	10
1796 	10
1797 	10
1798 	10
1799 	10
1800 	10
1801 	10
1802 	10
1803 	10
1804 	10
1805 	10
1806 	10
1807 	10
1808 	10
1809 	10
1810 	10
1811 	10
1812 	10
1813 	10
1814 	10
1815 	10
1816 	10
1817 	10
1818 	10
1819 	10
1820 	10
1821 	10
1822 	10
1823 	10
1824 	10
1825 	10
1826 	10
1827 	10
1828 	10
1829 	10
1830 	10
1831 	10
1832 	10
1833 	10
1834 	10
1835 	10
1836 	10
1837 	10
1838 	10
1839 	10
1840 	10
1841 	10
1842 	10
1843 	10
1844 	10
1845 	10
1846 	10
1847 	10
1848 	10
1849 	10
1850 	10
1851 	10
1852 	10
1853 	10
1854 	10
1855 	10
1856 	10
1857 	10
1858 	10
1859 	10
1860 	10
1861 	10
1862 	10
1863 	10
1864 	10
1865 	10
1866 	10
1867 	10
1868 	10
1869 	10
1870 	10
1871 	10
1872 	10
1873 	10
1874 	10
1875 	10
1876 	10
1877 	10
1878 	10
1879 	10
1880 	10
1881 	10
1882 	10
1883 	10
1884 	10
1885 	10
1886 	10
1887 	10
1888 	10
1889 	10
1890 	10
1891 	10
1892 	10
1893 	10
1894 	10
1895 	10
1896 	10
1897 	10
1898 	10
1899 	10
1900 	10
1901 	10
1902 	10
1903 	10
1904 	10
1905 	10
1906 	10
1907 	10
1908 	10
1909 	10
1910 	10
1911 	10
1912 	10
1913 	10
1914 	10
1915 	10
1916 	10
1917 	10
1918 	10
1919 	10
1920 	10
1921 	10
1922 	10
1923 	10
1924 	10
1925 	10
1926 	10
1927 	10
1928 	10
1929 	10
1930 	10
1931 	10
1932 	10
1933 	10
1934 	10
1935 	10
1936 	10
1937 	10
1938 	10
1939 	10
1940 	10
1941 	10
1942 	10
1943 	10
1944 	10
1945 	10
1946 	10
1947 	10
1948 	10
1949 	10
1950 	10
1951 	10
1952 	10
1953 	10
1954 	10
1955 	10
1956 	10
1957 	10
1958 	10
1959 	10
1960 	10
1961 	10
1962 	10
1963 	10
1964 	10
1965 	10
1966 	10
1967 	10
1968 	10
1969 	10
1970 	10
1971 	10
1972 	10
1973 	10
1974 	10
1975 	10
1976 	10
1977 	10
1978 	10
1979 	10
1980 	10
1981 	10
1982 	10
1983 	10
1984 	10
1985 	10
1986 	10
1987 	10
1988 	10
1989 	10
1990 	10
1991 	10
1992 	10
1993 	10
1994 	10
1995 	10
1996 	10
1997 	10
1998 	10
1999 	10
2000 	10
2001 	10
2002 	10
2003 	10
2004 	10
2005 	10
2006 	10
2007 	10
2008 	10
2009 	10
2010 	10
2011 	10
2012 	10
2013 	10
2014 	10
2015 	10
2016 	10
2017 	10
2018 	10
2019 	10
2020 	10
2021 	10
2022 	10
2023 	10
2024 	10
2025 	10
2026 	10
2027 	10
2028 	10
2029 	10
2030 	10
2031 	10
2032 	10
2033 	10
2034 	10
2035 	10
2036 	10
2037 	10
2038 	10
2039 	10
2040 	10
2041 	10
2042 	10
2043 	10
2044 	10
2045 	10
2046 	10
2047 	10
2048 	9
2049 	9
2050 	9
2051 	9
2052 	9
2053 	9
2054 	9
2055 	9
2056 	9
2057 	9
2058 	9
2059 	9
2060 	9
2061 	9
2062 	9
2063 	9
2064 	9
2065 	9
2066 	9
2067 	9
2068 	9
2069 	9
2070 	9
2071 	9
2072 	9
2073 	9
2074 	9
2075 	9
2076 	9
2077 	9
2078 	9
2079 	9
2080 	9
2081 	9
2082 	9
2083 	9
2084 	9
2085 	9
2086 	9
2087 	9
2088 	9
2089 	9
2090 	9
2091 	9
2092 	9
2093 	9
2094 	9
2095 	9
2096 	9
2097 	9
2098 	9
2099 	9
2100 	9
2101 	9
2102 	9
2103 	9
2104 	9
2105 	9
2106 	9
2107 	9
2108 	9
2109 	9
2110 	9
2111 	9
2112 	9
2113 	9
2114 	9
2115 	9
2116 	9
2117 	9
2118 	9
2119 	9
2120 	9
2121 	9
2122 	9
2123 	9
2124 	9
2125 	9
2126 	9
2127 	9
2128 	9
2129 	9
2130 	9
2131 	9
2132 	9
2133 	9
2134 	9
2135 	9
2136 	9
2137 	9
2138 	9
2139 	9
2140 	9
2141 	9
2142 	9
2143 	9
2144 	9
2145 	9
2146 	9
2147 	9
2148 	9
2149 	9
2150 	9
2151 	9
2152 	9
2153 	9
2154 	9
2155 	9
2156 	9
2157 	9
2158 	9
2159 	9
2160 	9
2161 	9
2162 	9
2163 	9
2164 	9
2165 	9
2166 	9
2167 	9
2168 	9
2169 	9
2170 	9
2171 	9
2172 	9
2173 	9
2174 	9
2175 	9
2176 	9
2177 	9
2178 	9
2179 	9
2180 	9
2181 	9
2182 	9
2183 	9
2184 	9
2185 	9
2186 	9
2187 	9
2188 	9
2189 	9
2190 	9
2191 	9
2192 	9
2193 	9
2194 	9
2195 	9
2196 	9
2197 	9
2198 	9
2199 	9
2200 	9
2201 	9
2202 	9
2203 	9
2204 	9
2205 	9
2206 	9
2207 	9
2208 	9
2209 	9
2210 	9
2211 	9
2212 	9
2213 	9
2214 	9
2215 	9
2216 	9
2217 	9
2218 	9
2219 	9
2220 	9
2221 	9
2222 	9
2223 	9
2224 	9
2225 	9
2226 	9
2227 	9
2228 	9
2229 	9
2230 	9
2231 	9
2232 	9
2233 	9
2234 	9
2235 	9
2236 	9
2237 	9
2238 	9
2239 	9
2240 	9
2241 	9
2242 	9
2243 	9
2244 	9
2245 	9
2246 	9
2247 	9
2248 	9
2249 	9
2250 	9
2251 	9
2252 	9
2253 	9
2254 	9
2255 	9
2256 	9
2257 	9
2258 	9
2259 	9
2260 	9
2261 	9
2262 	9
2263 	9
2264 	9
2265 	9
2266 	9
2267 	9
2268 	9
2269 	9
2270 	9
2271 	9
2272 	9
2273 	9
2274 	9
2275 	9
2276 	9
2277 	9
2278 	9
2279 	9
2280 	9
2281 	9
2282 	9
2283 	9
2284 	9
2285 	9
2286 	9
2287 	9
2288 	9
2289 	9
2290 	9
2291 	9
2292 	9
2293 	9
2294 	9
2295 	9
2296 	9
2297 	9
2298 	9
2299 	9
2300 	9
2301 	9
2302 	9
2303 	9
2304 	9
2305 	9
2306 	9
2307 	9
2308 	9
2309 	9
2310 	9
2311 	9
2312 	9
2313 	9
2314 	9
2315 	9
2316 	9
2317 	9
2318 	9
2319 	9
2320 	9
2321 	9
2322 	9
2323 	9
2324 	9
2325 	9
2326 	9
2327 	9
2328 	9
2329 	9
2330 	9
2331 	9
2332 	9
2333 	9
2334 	9
2335 	9
2336 	9
2337 	9
2338 	9
2339 	9
2340 	9
2341 	9
2342 	9
2343 	9
2344 	9
2345 	9
2346 	9
2347 	9
2348 	9
2349 	9
2350 	9
2351 	9
2352 	9
2353 	9
2354 	9
2355 	9
2356 	9
2357 	9
2358 	9
2359 	9
2360 	9
2361 	9
2362 	9
2363 	9
2364 	9
2365 	9
2366 	9
2367 	9
2368 	9
2369 	9
2370 	9
2371 	9
2372 	9
2373 	9
2374 	9
2375 	9
2376 	9
2377 	9
2378 	9
2379 	9
2380 	9
2381 	9
2382 	9
2383 	9
2384 	9
2385 	9
2386 	9
2387 	9
2388 	9
2389 	9
2390 	9
2391 	9
2392 	9
2393 	9
2394 	9
2395 	9
2396 	9
2397 	9
2398 	9
2399 	9
2400 	9
2401 	9
2402 	9
2403 	9
2404 	9
2405 	9
2406 	9
2407 	9
2408 	9
2409 	9
2410 	9
2411 	9
2412 	9
2413 	9
2414 	9
2415 	9
2416 	9
2417 	9
2418 	9
2419 	9
2420 	9
2421 	9
2422 	9
2423 	9
2424 	9
2425 	9
2426 	9
2427 	9
2428 	9
2429 	9
2430 	9
2431 	9
2432 	9
2433 	9
2434 	9
2435 	9
2436 	9
2437 	9
2438 	9
2439 	9
2440 	9
2441 	9
2442 	9
2443 	9
2444 	9
2445 	9
2446 	9
2447 	9
2448 	9
2449 	9
2450 	9
2451 	9
2452 	9
2453 	9
2454 	9
2455 	9
2456 	9
2457 	9
2458 	9
2459 	9
2460 	9
2461 	9
2462 	9
2463 	9
2464 	9
2465 	9
2466 	9
2467 	9
2468 	9
2469 	9
2470 	9
2471 	9
2472 	9
2473 	9
2474 	9
2475 	9
2476 	9
2477 	9
2478 	9
2479 	9
2480 	9
2481 	9
2482 	9
2483 	9
2484 	9
2485 	9
2486 	9
2487 	9
2488 	9
2489 	9
2490 	9
2491 	9
2492 	9
2493 	9
2494 	9
2495 	9
2496 	9
2497 	9
2498 	9
2499 	9
2500 	9
2501 	9
2502 	9
2503 	9
2504 	9
2505 	9
2506 	9
2507 	9
2508 	9
2509 	9
2510 	9
2511 	9
2512 	9
2513 	9
2514 	9
2515 	9
2516 	9
2517 	9
2518 	9
2519 	9
2520 	9
2521 	9
2522 	9
2523 	9
2524 	9
2525 	9
2526 	9
2527 	9
2528 	9
2529 	9
2530 	9
2531 	9
2532 	9
2533 	9
2534 	9
2535 	9
2536 	9
2537 	9
2538 	9
2539 	9
2540 	9
2541 	9
2542 	9
2543 	9
2544 	9
2545 	9
2546 	9
2547 	9
2548 	9
2549 	9
2550 	9
2551 	9
2552 	9
2553 	9
2554 	9
2555 	9
2556 	9
2557 	9
2558 	9
2559 	9
2560 	8
2561 	8
2562 	8
2563 	8
2564 	8
2565 	8
2566 	8
2567 	8
2568 	8
2569 	8
2570 	8
2571 	8
2572 	8
2573 	8
2574 	8
2575 	8
2576 	8
2577 	8
2578 	8
2579 	8
2580 	8
2581 	8
2582 	8
2583 	8
2584 	8
2585 	8
2586 	8
2587 	8
2588 	8
2589 	8
2590 	8
2591 	8
2592 	8
2593 	8
2594 	8
2595 	8
2596 	8
2597 	8
2598 	8
2599 	8
2600 	8
2601 	8
2602 	8
2603 	8
2604 	8
2605 	8
2606 	8
2607 	8
2608 	8
2609 	8
2610 	8
2611 	8
2612 	8
2613 	8
2614 	8
2615 	8
2616 	8
2617 	8
2618 	8
2619 	8
2620 	8
2621 	8
2622 	8
2623 	8
2624 	8
2625 	8
2626 	8
2627 	8
2628 	8
2629 	8
2630 	8
2631 	8
2632 	8
2633 	8
2634 	8
2635 	8
2636 	8
2637 	8
2638 	8
2639 	8
2640 	8
2641 	8
2642 	8
2643 	8
2644 	8
2645 	8
2646 	8
2647 	8
2648 	8
2649 	8
2650 	8
2651 	8
2652 	8
2653 	8
2654 	8
2655 	8
2656 	8
2657 	8
2658 	8
2659 	8
2660 	8
2661 	8
2662 	8
2663 	8
2664 	8
2665 	8
2666 	8
2667 	8
2668 	8
2669 	8
2670 	8
2671 	8
2672 	8
2673 	8
2674 	8
2675 	8
2676 	8
2677 	8
2678 	8
2679 	8
2680 	8
2681 	8
2682 	8
2683 	8
2684 	8
2685 	8
2686 	8
2687 	8
2688 	8
2689 	8
2690 	8
2691 	8
2692 	8
2693 	8
2694 	8
2695 	8
2696 	8
2697 	8
2698 	8
2699 	8
2700 	8
2701 	8
2702 	8
2703 	8
2704 	8
2705 	8
2706 	8
2707 	8
2708 	8
2709 	8
2710 	8
2711 	8
2712 	8
2713 	8
2714 	8
2715 	8
2716 	8
2717 	8
2718 	8
2719 	8
2720 	8
2721 	8
2722 	8
2723 	8
2724 	8
2725 	8
2726 	8
2727 	8
2728 	8
2729 	8
2730 	8
2731 	8
2732 	8
2733 	8
2734 	8
2735 	8
2736 	8
2737 	8
2738 	8
2739 	8
2740 	8
2741 	8
2742 	8
2743 	8
2744 	8
2745 	8
2746 	8
2747 	8
2748 	8
2749 	8
2750 	8
2751 	8
2752 	8
2753 	8
2754 	8
2755 	8
2756 	8
2757 	8
2758 	8
2759 	8
2760 	8
2761 	8
2762 	8
2763 	8
2764 	8
2765 	8
2766 	8
2767 	8
2768 	8
2769 	8
2770 	8
2771 	8
2772 	8
2773 	8
2774 	8
2775 	8
2776 	8
2777 	8
2778 	8
2779 	8
2780 	8
2781 	8
2782 	8
2783 	8
2784 	8
2785 	8
2786 	8
2787 	8
2788 	8
2789 	8
2790 	8
2791 	8
2792 	8
2793 	8
2794 	8
2795 	8
2796 	8
2797 	8
2798 	8
2799 	8
2800 	8
2801 	8
2802 	8
2803 	8
2804 	8
2805 	8
2806 	8
2807 	8
2808 	8
2809 	8
2810 	8
2811 	8
2812 	8
2813 	8
2814 	8
2815 	8
2816 	7
2817 	7
2818 	7
2819 	7
2820 	7
2821 	7
2822 	7
2823 	7
2824 	7
2825 	7
2826 	7
2827 	7
2828 	7
2829 	7
2830 	7
2831 	7
2832 	7
2833 	7
2834 	7
2835 	7
2836 	7
2837 	7
2838 	7
2839 	7
2840 	7
2841 	7
2842 	7
2843 	7
2844 	7
2845 	7
2846 	7
2847 	7
2848 	7
2849 	7
2850 	7
2851 	7
2852 	7
2853 	7
2854 	7
2855 	7
2856 	7
2857 	7
2858 	7
2859 	7
2860 	7
2861 	7
2862 	7
2863 	7
2864 	7
2865 	7
2866 	7
2867 	7
2868 	7
2869 	7
2870 	7
2871 	7
2872 	7
2873 	7
2874 	7
2875 	7
2876 	7
2877 	7
2878 	7
2879 	7
2880 	7
2881 	7
2882 	7
2883 	7
2884 	7
2885 	7
2886 	7
2887 	7
2888 	7
2889 	7
2890 	7
2891 	7
2892 	7
2893 	7
2894 	7
2895 	7
2896 	7
2897 	7
2898 	7
2899 	7
2900 	7
2901 	7
2902 	7
2903 	7
2904 	7
2905 	7
2906 	7
2907 	7
2908 	7
2909 	7
2910 	7
2911 	7
2912 	7
2913 	7
2914 	7
2915 	7
2916 	7
2917 	7
2918 	7
2919 	7
2920 	7
2921 	7
2922 	7
2923 	7
2924 	7
2925 	7
2926 	7
2927 	7
2928 	7
2929 	7
2930 	7
2931 	7
2932 	7
2933 	7
2934 	7
2935 	7
2936 	7
2937 	7
2938 	7
2939 	7
2940 	7
2941 	7
2942 	7
2943 	7
2944 	6
2945 	6
2946 	6
2947 	6
2948 	6
2949 	6
2950 	6
2951 	6
2952 	6
2953 	6
2954 	6
2955 	6
2956 	6
2957 	6
2958 	6
2959 	6
2960 	6
2961 	6
2962 	6
2963 	6
2964 	6
2965 	6
2966 	6
2967 	6
2968 	6
2969 	6
2970 	6
2971 	6
2972 	6
2973 	6
2974 	6
2975 	6
2976 	6
2977 	6
2978 	6
2979 	6
2980 	6
2981 	6
2982 	6
2983 	6
2984 	6
2985 	6
2986 	6
2987 	6
2988 	6
2989 	6
2990 	6
2991 	6
2992 	6
2993 	6
2994 	6
2995 	6
2996 	6
2997 	6
2998 	6
2999 	6
3000 	6
3001 	6
3002 	6
3003 	6
3004 	6
3005 	6
3006 	6
3007 	6
3008 	5
3009 	5
3010 	5
3011 	5
3012 	5
3013 	5
3014 	5
3015 	5
3016 	5
3017 	5
3018 	5
3019 	5
3020 	5
3021 	5
3022 	5
3023 	5
3024 	5
3025 	5
3026 	5
3027 	5
3028 	5
3029 	5
3030 	5
3031 	5
3032 	5
3033 	5
3034 	5
3035 	5
3036 	5
3037 	5
3038 	5
3039 	5
3040 	4
3041 	4
3042 	4
3043 	4
3044 	4
3045 	4
3046 	4
3047 	4
3048 	4
3049 	4
3050 	4
3051 	4
3052 	4
3053 	4
3054 	4
3055 	4
3056 	3
3057 	3
3058 	3
3059 	3
3060 	3
3061 	3
3062 	3
3063 	3
3064 	2
3065 	2
3066 	2
3067 	2
3068 	1
3069 	1
3070 	0
3071 	0
